4.074455153722707570e-03 1.638042137074846583e-02 6.842899700387347628e-02 5.000000000000000000e+00 8.103241003842994132e+02 2.010136417354129534e+01
3.462545353112549650e-03 1.096511881549400332e-02 8.952092574308945228e-02 6.000000000000000000e+00 9.008844164602335240e+02 1.583389919447155414e+01
3.071856614522131945e-03 8.189070421941084185e-03 1.105798973364019722e-01 7.000000000000000000e+00 9.872477711795892219e+02 1.332918727916439927e+01
2.793973689167182466e-03 5.919454149947195494e-03 1.316059117838111192e-01 8.000000000000000000e+00 1.068677706541802991e+03 1.059325320939518988e+01
2.577461275651628334e-03 5.041414402205729797e-03 1.525989690853168101e-01 9.000000000000000000e+00 1.143122539587253414e+03 9.779806295889294177e+00
2.413223762015453272e-03 4.423207962666923787e-03 1.735590692409191282e-01 1.000000000000000000e+01 1.217289692911848078e+03 9.164520987007001906e+00
2.288129804115682751e-03 3.974242199883071258e-03 1.944862122506179625e-01 1.100000000000000000e+01 1.293357290907041715e+03 8.684477149711000266e+00
2.185862219538028169e-03 3.491597361129431844e-03 2.153803981144134516e-01 1.200000000000000000e+01 1.368289513334029834e+03 7.986773662860060519e+00
2.092722028362487257e-03 3.233724555978781997e-03 2.361269541366187719e-01 1.300000000000000000e+01 1.436170990904099654e+03 7.726120603100609330e+00
2.014347993135207418e-03 3.024064352584539608e-03 2.560378441431137575e-01 1.400000000000000000e+01 1.498951914932338468e+03 7.506310634732411557e+00
1.947185226544008527e-03 2.850130475045844873e-03 2.749983954382116957e-01 1.500000000000000000e+01 1.556275444409268857e+03 7.318591051824182792e+00
1.889364299756303477e-03 2.650866263988766597e-03 2.930086080219125866e-01 1.600000000000000000e+01 1.608959541382990210e+03 7.015233283307735768e+00
1.839247353752765596e-03 2.534864303013767677e-03 3.100684818942163745e-01 1.700000000000000000e+01 1.657474296099831463e+03 6.891036971839809233e+00
1.793183830628356738e-03 2.431930097429183327e-03 3.259961712092003250e-01 1.800000000000000000e+01 1.698972513635340192e+03 6.781039556265127999e+00
1.754678079544355227e-03 2.345290262420378271e-03 3.397006008913276975e-01 1.900000000000000000e+01 1.732378579301564741e+03 6.682964498620139082e+00
1.726189158382080173e-03 2.249450761378040536e-03 3.509999250946753135e-01 2.000000000000000000e+01 1.760939550389958413e+03 6.515655455414870012e+00
1.705765044057740024e-03 2.198305273655365086e-03 3.598941438192435616e-01 2.100000000000000000e+01 1.784197923009903889e+03 6.443751679967457235e+00
1.689991920364324095e-03 2.155852589289158471e-03 3.663832570650320530e-01 2.200000000000000000e+01 1.799572246610043294e+03 6.378292592145663242e+00
1.675561112324005890e-03 2.117391792690687113e-03 3.710321622057202173e-01 2.300000000000000000e+01 1.806844878013216658e+03 6.318455880591134388e+00
1.648725161472813826e-03 2.048706181232462595e-03 3.772302434833831875e-01 2.400000000000000000e+01 1.807606145142876358e+03 6.213000896408785501e+00
1.608042291590945248e-03 1.983136454954069570e-03 3.855423982716996156e-01 2.500000000000000000e+01 1.801850067782157566e+03 6.166306897911305818e+00
1.554948030004934091e-03 1.904204291093078297e-03 3.959686265706701680e-01 2.600000000000000000e+01 1.789475245582016214e+03 6.123048019447427492e+00
1.489194909133922983e-03 1.811713115331161240e-03 4.085089283802941784e-01 2.700000000000000000e+01 1.768080910259853226e+03 6.082860961379483733e+00
1.416249517777133302e-03 1.702469918362857623e-03 4.226825766380808980e-01 2.800000000000000000e+01 1.739815359243052853e+03 6.010487195204698097e+00
1.345705451488839579e-03 1.608868759282531874e-03 4.356052089690828355e-01 2.900000000000000000e+01 1.703696046071314413e+03 5.977789409645839491e+00
1.276757450466857067e-03 1.518608369159538942e-03 4.467960983108084649e-01 3.000000000000000000e+01 1.657932374527223601e+03 5.947129459100657378e+00
1.208485595138546979e-03 1.430441740703276452e-03 4.562552446632582859e-01 3.100000000000000000e+01 1.602501287580811095e+03 5.918323505292933717e+00
1.139517564822188633e-03 1.336800442323386436e-03 4.639826480264318542e-01 3.200000000000000000e+01 1.536638826542231755e+03 5.865642108518011710e+00
1.068437180678412108e-03 1.248253946869476222e-03 4.700946440298741091e-01 3.300000000000000000e+01 1.459766306013019857e+03 5.841494331360165049e+00
9.995369502983572369e-04 1.163191386219868638e-03 4.752892464508531867e-01 3.400000000000000000e+01 1.380720843981084272e+03 5.818651255827316682e+00
9.356936098939304175e-04 1.084845103492138767e-03 4.796827909189133043e-01 3.500000000000000000e+01 1.304478245673104993e+03 5.797010324860057295e+00
8.766778288248725263e-04 1.009402566834622598e-03 4.832752774340550728e-01 3.600000000000000000e+01 1.231356030158141721e+03 5.756975559583037416e+00
8.192170007595311236e-04 9.402028768759039274e-04 4.860667059962778258e-01 3.700000000000000000e+01 1.157294449089317823e+03 5.738423860858610226e+00
7.617512956015589287e-04 8.715587301262342447e-04 4.883544974629444591e-01 3.800000000000000000e+01 1.081178578921256531e+03 5.720756467095731601e+00
7.120018937920766754e-04 8.099497063730578313e-04 4.919231769782292374e-01 3.900000000000000000e+01 1.017952405446743342e+03 5.687833932992210073e+00
6.787226206721441984e-04 7.700069807761782082e-04 4.970701653994940017e-01 4.000000000000000000e+01 9.805258784530100229e+02 5.672471767727693681e+00
6.573813983323567502e-04 7.438636958093120671e-04 5.037954627267393626e-01 4.100000000000000000e+01 9.625442456736765280e+02 5.657778708800882406e+00
6.304612607795052155e-04 7.116283681943762034e-04 5.120990689599647094e-01 4.200000000000000000e+01 9.383425963951071935e+02 5.643712091957208798e+00
5.870311783345774767e-04 6.595066208555550339e-04 5.215995970938185344e-01 4.300000000000000000e+01 8.899128024389978009e+02 5.617304882566818591e+00
5.449143316289461678e-04 6.108375531736651111e-04 5.300087250961883489e-01 4.400000000000000000e+01 8.393832309994082834e+02 5.604895280948571035e+00
5.108067381356032463e-04 5.713857107103574194e-04 5.369450659617218680e-01 4.500000000000000000e+01 7.971416711426322763e+02 5.592973506926140814e+00
4.872626433384724719e-04 5.439324012662150347e-04 5.424086196904195356e-01 4.600000000000000000e+01 7.681370951393688529e+02 5.581511415891340810e+00
4.722901484675091129e-04 5.251738089427783040e-04 5.463993862822809078e-01 4.700000000000000000e+01 7.500118564062727273e+02 5.559864107338111872e+00
4.646817669687554786e-04 5.157626014928707149e-04 5.491741505418852309e-01 4.800000000000000000e+01 7.416769094560340818e+02 5.549632438317186889e+00
4.594398916976303563e-04 5.090380102513612434e-04 5.522736212967066516e-01 4.900000000000000000e+01 7.374490837806473564e+02 5.539767219281568345e+00
4.570160304039736941e-04 5.054825025936435928e-04 5.559545833513235280e-01 5.000000000000000000e+01 7.384477780172862822e+02 5.530249148447031082e+00
4.474837449910746743e-04 4.933225282469478430e-04 5.602170367057366374e-01 5.100000000000000000e+01 7.285890087669143895e+02 5.512183780628584273e+00
4.345731419212504150e-04 4.783437042988337149e-04 5.650609813599452025e-01 5.200000000000000000e+01 7.136861038065048888e+02 5.503604090488351197e+00
4.174696366045523412e-04 4.588247273416156844e-04 5.705846827294083212e-01 5.300000000000000000e+01 6.922995384992855179e+02 5.495306569759430992e+00
3.991982694284881687e-04 4.381023401469963450e-04 5.773777333068748074e-01 5.400000000000000000e+01 6.698810932905868185e+02 5.487277547247451537e+00
3.800779507468941766e-04 4.159553772249962190e-04 5.855383985078026488e-01 5.500000000000000000e+01 6.468105511248616040e+02 5.471974583208510268e+00
3.590264133384629317e-04 3.923927034994417317e-04 5.950666783321927333e-01 5.600000000000000000e+01 6.209277534239095075e+02 5.464677373604870603e+00
3.369480453493465654e-04 3.677856658278783226e-04 6.059625727800441730e-01 5.700000000000000000e+01 5.934139910076405613e+02 5.457602008739350197e+00
3.157185615937680595e-04 3.441798662007887347e-04 6.178726266050377225e-01 5.800000000000000000e+01 5.669543738641250457e+02 5.450738538515856213e+00
2.974659960683741157e-04 3.235008367825359518e-04 6.286761083292543573e-01 5.900000000000000000e+01 5.435172388802643582e+02 5.437610366533752959e+00
2.838562074507451410e-04 3.083432633610192842e-04 6.380195627063739439e-01 6.000000000000000000e+01 5.263582451887185698e+02 5.431328525984818967e+00
2.710396330895025797e-04 2.940901568507140558e-04 6.459029897363970374e-01 6.100000000000000000e+01 5.088023808765133822e+02 5.425224228251515513e+00
2.568727155399268464e-04 2.784135508653020827e-04 6.523263894193229717e-01 6.200000000000000000e+01 4.870033674383204243e+02 5.419290061229313338e+00
2.419341163801507063e-04 2.616713181543880843e-04 6.572163553247293288e-01 6.300000000000000000e+01 4.621197362137964433e+02 5.407904475597487881e+00
2.292677235253275266e-04 2.477210312701472877e-04 6.601324488700788251e-01 6.400000000000000000e+01 4.398686791508822012e+02 5.402440157320731906e+00
2.178290249388021671e-04 2.351298827261535842e-04 6.610012636249478213e-01 6.500000000000000000e+01 4.184726474204663305e+02 5.397120121898631773e+00
2.076229165449207143e-04 2.238980092324951293e-04 6.598227995893372055e-01 6.600000000000000000e+01 3.981545149751462986e+02 5.391938735819973516e+00
1.979684780265477339e-04 2.130921138227894222e-04 6.565970567632462007e-01 6.700000000000000000e+01 3.777843954538864182e+02 5.381970805327240370e+00
1.879135441757673558e-04 2.020887786295344447e-04 6.519540983798810529e-01 6.800000000000000000e+01 3.560607832285813288e+02 5.377174368030335216e+00
1.776779926649977269e-04 1.909148880436120437e-04 6.496743038384763524e-01 6.900000000000000000e+01 3.354890641443100208e+02 5.372496761700020329e+00
1.676596633084547817e-04 1.799971889769021790e-04 6.503877363722376792e-01 7.000000000000000000e+01 3.169202374720122179e+02 5.367933628905994681e+00
1.565790520712759812e-04 1.678256366362264839e-04 6.540943959811652553e-01 7.100000000000000000e+01 2.976618160914280224e+02 5.359134393016729447e+00
1.453010663765241740e-04 1.556142622391916159e-04 6.607942826652587476e-01 7.200000000000000000e+01 2.790513434397435049e+02 5.354890577194473700e+00
1.356700372179231407e-04 1.451871760129728507e-04 6.698943783783152250e-01 7.300000000000000000e+01 2.641431281748987203e+02 5.350745786992105124e+00
1.281205013760487916e-04 1.370042898089858421e-04 6.778365748431143256e-01 7.400000000000000000e+01 2.524019278565332058e+02 5.346696599588775634e+00
1.215922282870299833e-04 1.298330713323503881e-04 6.840278540134521190e-01 7.500000000000000000e+01 2.417289377043342995e+02 5.338872112198944642e+00
1.156745760520377670e-04 1.234268712429952767e-04 6.884682158893293824e-01 7.600000000000000000e+01 2.314572831463155467e+02 5.335090711180563439e+00
1.100277366068514514e-04 1.173202142405237267e-04 6.911576604707452276e-01 7.700000000000000000e+01 2.210183560965494394e+02 5.331392695086039524e+00
1.056258288598720330e-04 1.124753687887115606e-04 6.922824972425117851e-01 7.800000000000000000e+01 2.125213279189349009e+02 5.324236032170050592e+00
1.011265176907327642e-04 1.076142344185981701e-04 6.929605831134971750e-01 7.900000000000000000e+01 2.036679179210018162e+02 5.320772279913082770e+00
9.666379081686496118e-05 1.027996542674043765e-04 6.933782275685121954e-01 8.000000000000000000e+01 1.947973580555660362e+02 5.317381689601029748e+00
9.315133485874853444e-05 9.900239319153653831e-05 6.935354306075576236e-01 8.100000000000000000e+01 1.877615988691053985e+02 5.314061969249306294e+00
9.063080593463019446e-05 9.620689235399460480e-05 6.934321922306327934e-01 8.200000000000000000e+01 1.826538711288091861e+02 5.307626439038085842e+00
8.825359293445764663e-05 9.362835146582860070e-05 6.931081556160533230e-01 8.300000000000000000e+01 1.777798124198143626e+02 5.304506499546287834e+00
8.606323829272522537e-05 9.125197650413723299e-05 6.928011798337114779e-01 8.400000000000000000e+01 1.732907339621294796e+02 5.301449161938553090e+00
8.399925541102764789e-05 8.901321400928929016e-05 6.925509080619216551e-01 8.500000000000000000e+01 1.690737474694931564e+02 5.298452562092793805e+00
8.137373178250345790e-05 8.613628374918788633e-05 6.923573403006846316e-01 8.600000000000000000e+01 1.637433130668530623e+02 5.292634481813727199e+00
7.893891285626659254e-05 8.351436420722889691e-05 6.922204765499997414e-01 8.700000000000000000e+01 1.588124780415060400e+02 5.289809625279065841e+00
7.618065132933812594e-05 8.055401108198714973e-05 6.921617044863130896e-01 8.800000000000000000e+01 1.532502840086352194e+02 5.287038747787969228e+00
7.386998561052846143e-05 7.807053316728023958e-05 6.923093501682968665e-01 8.900000000000000000e+01 1.486336869568935981e+02 5.284320317787709165e+00
7.216036732961598425e-05 7.618742034588271554e-05 6.926848012723959558e-01 9.000000000000000000e+01 1.452725076274060143e+02 5.279034958197471816e+00
7.077736782488313130e-05 7.469086424710407628e-05 6.932880577986111348e-01 9.100000000000000000e+01 1.426123597647420809e+02 5.276465241820214480e+00
6.988401946051682673e-05 7.371285858577566563e-05 6.941191197469417373e-01 9.200000000000000000e+01 1.409811090435574386e+02 5.273942394471318629e+00
6.875845469035496915e-05 7.249155948183065015e-05 6.952410602579890408e-01 9.300000000000000000e+01 1.389346464109068506e+02 5.271465146234544541e+00
6.713052635136399968e-05 7.071049786949436212e-05 6.970323181753581565e-01 9.400000000000000000e+01 1.359947072588864501e+02 5.266642592625644603e+00
6.511868518570465135e-05 6.856079333198595454e-05 6.995559666396494736e-01 9.500000000000000000e+01 1.323966899870159466e+02 5.264294966680081345e+00
6.289123235443476977e-05 6.618658570123908832e-05 7.028120056508635471e-01 9.600000000000000000e+01 1.284630756952595618e+02 5.261988294984646153e+00
6.061645607192018290e-05 6.376513564168710170e-05 7.068004352089997111e-01 9.700000000000000000e+01 1.245192193882148786e+02 5.259721515724301355e+00
5.845108120469541334e-05 6.143563511664210943e-05 7.114260197340096514e-01 9.800000000000000000e+01 1.208568674503361677e+02 5.255303567567451317e+00
5.624588438175102647e-05 5.909361857920909355e-05 7.161173457455987101e-01 9.900000000000000000e+01 1.170641678876061604e+02 5.253150450807207328e+00
5.404088625370594563e-05 5.675409895745868829e-05 7.207791776637173520e-01 1.000000000000000000e+02 1.132071179059559540e+02 5.251033327896864833e+00
5.189002622503047468e-05 5.447364416582928476e-05 7.254115154883663541e-01 1.010000000000000000e+02 1.094000133497547864e+02 5.248951304205792034e+00
4.973862473619337091e-05 5.217471436157249207e-05 7.300143592195450504e-01 1.020000000000000000e+02 1.055295812803441464e+02 5.244889121713738334e+00
4.773876976434681703e-05 5.005798904967040239e-05 7.344335138605544433e-01 1.030000000000000000e+02 1.018996632521052277e+02 5.242907315874703933e+00
4.571360191453928943e-05 4.791660725111659215e-05 7.377438094311988825e-01 1.040000000000000000e+02 9.801669516522608205e+01 5.240957312956412650e+00
4.380043953094397670e-05 4.589443652386510796e-05 7.397910509347781494e-01 1.050000000000000000e+02 9.417520655176934952e+01 5.239038353877906395e+00
4.214983615979472318e-05 4.413332862724160890e-05 7.405752383712929099e-01 1.060000000000000000e+02 9.072231362513868191e+01 5.235290649758074011e+00
4.061510671234547926e-05 4.251151135782012854e-05 7.400963717407427200e-01 1.070000000000000000e+02 8.736247176019759308e+01 5.233460502628473066e+00
3.915028418587583706e-05 4.096418413914500195e-05 7.385446673884542568e-01 1.080000000000000000e+02 8.403510071628198830e+01 5.231658593416233849e+00
3.793183132927642113e-05 3.967581762962858906e-05 7.370614233863860276e-01 1.090000000000000000e+02 8.125620433664280995e+01 5.229884273871865830e+00
3.665974983044183313e-05 3.831981994282621117e-05 7.358368560798635993e-01 1.100000000000000000e+02 7.840072395288206053e+01 5.226415908463983406e+00
3.529763715296311194e-05 3.688405882765382265e-05 7.348709654688878601e-01 1.110000000000000000e+02 7.538861462772936761e+01 5.224720661586484738e+00
3.392713438826172449e-05 3.544062793112308634e-05 7.341637515534580327e-01 1.120000000000000000e+02 7.239176349105210306e+01 5.223050600964548096e+00
3.256818513101182258e-05 3.401033804201456813e-05 7.337216909454812308e-01 1.130000000000000000e+02 6.945027275392487809e+01 5.221405169677311164e+00
3.121382699487827272e-05 3.257591130772903251e-05 7.335836433163978043e-01 1.140000000000000000e+02 6.654963802156331099e+01 5.218186048297482671e+00
2.978900764322935411e-05 3.107953491743335798e-05 7.337560852781133125e-01 1.150000000000000000e+02 6.352677247179242670e+01 5.216611323488870688e+00
2.830174713242195189e-05 2.951905711109996763e-05 7.342390168306290876e-01 1.160000000000000000e+02 6.039482740777264524e+01 5.215059157475738338e+00
2.684002017608375210e-05 2.797814756379326213e-05 7.350324379739439085e-01 1.170000000000000000e+02 5.733745110695377889e+01 5.212020590938985620e+00
2.539669929623760743e-05 2.646606931832623606e-05 7.362617263684624325e-01 1.180000000000000000e+02 5.434486834587220727e+01 5.210533268440723731e+00
2.412900166982933985e-05 2.513791562678992350e-05 7.386791479766087187e-01 1.190000000000000000e+02 5.180172623825466616e+01 5.209066659857319870e+00
2.312125997900266541e-05 2.408134873033225513e-05 7.424100804587860924e-01 1.200000000000000000e+02 4.988895377946217025e+01 5.207620335613518670e+00
2.280869783475599323e-05 2.374288224989313739e-05 7.474545238149952198e-01 1.210000000000000000e+02 4.954893290115587945e+01 5.204786880405252170e+00
2.312956349051646640e-05 2.407046926529077453e-05 7.538124780452351015e-01 1.220000000000000000e+02 5.067337121930530941e+01 5.203398947662824625e+00
2.339997649729945429e-05 2.434547452001063110e-05 7.610890676743596872e-01 1.230000000000000000e+02 5.176067655652007460e+01 5.202029694948687499e+00
2.318375256902001545e-05 2.411424985595640987e-05 7.669150398514859024e-01 1.240000000000000000e+02 5.167494548881458627e+01 5.200678747792495393e+00
2.277791695336330179e-05 2.368006059748625766e-05 7.708955191014662534e-01 1.250000000000000000e+02 5.103387738582427602e+01 5.198030321642240104e+00
2.234697721832230009e-05 2.322625095788002377e-05 7.730305054243011842e-01 1.260000000000000000e+02 5.020702151537725655e+01 5.196732142107525654e+00
2.195305345117740825e-05 2.281120211475156308e-05 7.733199988199901398e-01 1.270000000000000000e+02 4.934046246197886632e+01 5.195450866432461901e+00
2.163255910422774098e-05 2.247270784987665538e-05 7.719847224211588976e-01 1.280000000000000000e+02 4.853618575307033467e+01 5.194186166694610307e+00
2.138706441600969372e-05 2.220706681604154640e-05 7.703490150235587919e-01 1.290000000000000000e+02 4.788370520754578052e+01 5.191705225196315610e+00
2.117198900829810038e-05 2.197859253775332852e-05 7.686335997598142677e-01 1.300000000000000000e+02 4.729661551696700883e+01 5.190488368650457929e+00
2.103746396456259240e-05 2.183388705523790066e-05 7.668384766299259914e-01 1.310000000000000000e+02 4.688633866397813676e+01 5.189286857963695709e+00
2.083707385287196913e-05 2.162096625797930568e-05 7.649636456338935186e-01 1.320000000000000000e+02 4.632618812254951024e+01 5.188100404750279893e+00
2.059350923436297447e-05 2.135864687227740047e-05 7.632634096834067794e-01 1.330000000000000000e+02 4.568291847783458337e+01 5.185771552873002399e+00
2.036528023871087426e-05 2.111728292524682373e-05 7.632635862486037981e-01 1.340000000000000000e+02 4.517664481326220027e+01 5.184628612452511831e+00
2.013545303944423592e-05 2.087442273867985373e-05 7.652184782411735053e-01 1.350000000000000000e+02 4.478121715231382183e+01 5.183499645572418046e+00
1.986498684311436828e-05 2.058959957486538532e-05 7.691280856611167893e-01 1.360000000000000000e+02 4.440542096347440548e+01 5.182384397602100456e+00
1.955374741340504567e-05 2.025844128108957205e-05 7.749924085084327618e-01 1.370000000000000000e+02 4.404295894585039406e+01 5.180194070421872965e+00
1.916935657637311953e-05 1.985607390140273581e-05 7.822276376840265888e-01 1.380000000000000000e+02 4.358025144409134555e+01 5.179118511957781834e+00
1.888428675366039548e-05 1.955677778420599543e-05 7.873309185933246024e-01 1.390000000000000000e+02 4.321225521347971466e+01 5.178055713545878902e+00
1.865068996511602226e-05 1.931094471732185426e-05 7.897184421372304142e-01 1.400000000000000000e+02 4.280714090616800149e+01 5.177005449514405555e+00
1.845053271950959577e-05 1.909608604032161436e-05 7.893902083157450233e-01 1.410000000000000000e+02 4.233013800699847451e+01 5.174941648196806021e+00
1.833748645599511535e-05 1.897536577107000142e-05 7.863462171288675417e-01 1.420000000000000000e+02 4.190855119768949777e+01 5.173927685401599419e+00
1.830587130575884742e-05 1.893898135012079851e-05 7.810552190340531720e-01 1.430000000000000000e+02 4.155479870543759802e+01 5.172925405676479294e+00
1.829637735098770909e-05 1.892553344564411560e-05 7.763297167760290218e-01 1.440000000000000000e+02 4.128196475398222987e+01 5.171934608307159564e+00
1.819166540808622173e-05 1.881013357118863300e-05 7.726384608122490727e-01 1.450000000000000000e+02 4.085054188406528652e+01 5.169986680501362564e+00
1.799759651798646921e-05 1.860602028178304598e-05 7.699814511427141017e-01 1.460000000000000000e+02 4.027576644512548398e+01 5.169029170975282916e+00
1.755824325069303628e-05 1.814848953242508402e-05 7.683586877674233317e-01 1.470000000000000000e+02 3.920975303857979810e+01 5.168082385380083466e+00
1.729688678011968771e-05 1.787510836790588367e-05 7.677909974342385091e-01 1.480000000000000000e+02 3.859757302906488263e+01 5.167146144602964064e+00
1.699537265585978965e-05 1.755725531874406713e-05 7.684033406303254488e-01 1.490000000000000000e+02 3.795499821850432909e+01 5.165304602100190934e+00
1.703508969919255068e-05 1.759519990812381397e-05 7.702165441035448978e-01 1.500000000000000000e+02 3.813346831281283045e+01 5.164398960857191412e+00
1.712684967319454669e-05 1.768690857260286827e-05 7.732306078538973004e-01 1.510000000000000000e+02 3.848890557061264417e+01 5.163503186544831536e+00
1.733988804395347844e-05 1.790080082599116801e-05 7.774455318813823235e-01 1.520000000000000000e+02 3.918007837102008040e+01 5.161740600808919055e+00
1.750252474364769666e-05 1.806566315292856733e-05 7.826352605513738903e-01 1.530000000000000000e+02 3.981155583823761646e+01 5.160873478977726414e+00
1.763886894340892242e-05 1.820336779373400786e-05 7.874434600561137643e-01 1.540000000000000000e+02 4.036817846652175490e+01 5.160015603079816771e+00
1.779976116643652116e-05 1.836638746430082405e-05 7.916440747609750916e-01 1.550000000000000000e+02 4.095370333264484941e+01 5.159166826050660681e+00
1.794761226507626752e-05 1.851294767814634672e-05 7.952371046659584275e-01 1.560000000000000000e+02 4.148129951300376206e+01 5.157495995768236696e+00
1.802538185726286902e-05 1.859020237983581035e-05 7.982225497710633277e-01 1.570000000000000000e+02 4.181744607416746362e+01 5.156673663572170163e+00
1.811091629282572744e-05 1.867546931260570121e-05 8.005852381117711802e-01 1.580000000000000000e+02 4.214024348132725351e+01 5.155859872204150207e+00
1.822978037103497440e-05 1.879510222820561543e-05 8.022341379009692020e-01 1.590000000000000000e+02 4.250417730258622839e+01 5.155054489320363587e+00
1.838074901032120395e-05 1.894492196050260533e-05 8.031540771741377815e-01 1.600000000000000000e+02 4.290531674852758215e+01 5.153468433159225981e+00
1.852510998819677942e-05 1.909082056601655832e-05 8.033450559312778072e-01 1.610000000000000000e+02 4.325257418984040214e+01 5.152687508516877735e+00
1.864715446712267245e-05 1.921370905740813232e-05 8.028070741723882797e-01 1.620000000000000000e+02 4.350836852856686932e+01 5.151914489496069116e+00
1.878559129505469848e-05 1.935347692715318519e-05 8.018135760153650704e-01 1.630000000000000000e+02 4.377713282106142145e+01 5.151149256677372890e+00
1.890354899941762442e-05 1.946930078010521839e-05 8.020052261675781891e-01 1.640000000000000000e+02 4.406254572446886186e+01 5.149641683872435927e+00
1.898331150020214590e-05 1.954863116336777237e-05 8.036554687469220637e-01 1.650000000000000000e+02 4.433951291162321695e+01 5.148899116774122930e+00
1.901576105336265056e-05 1.957925084698253925e-05 8.067643037533974715e-01 1.660000000000000000e+02 4.458712040360615703e+01 5.148163881539793429e+00
1.902517558114702185e-05 1.958617424440164433e-05 8.113317311870036352e-01 1.670000000000000000e+02 4.486174623615143275e+01 5.147435870134764890e+00
1.895976792510516734e-05 1.951339730897884927e-05 8.168728358837004100e-01 1.680000000000000000e+02 4.501284995079578266e+01 5.146001097181311934e+00
1.891938669246886416e-05 1.946916185808333216e-05 8.204781268592440391e-01 1.690000000000000000e+02 4.511522221585747161e+01 5.145294129918418058e+00
1.887849661512587150e-05 1.942443989136472039e-05 8.216626889495928232e-01 1.700000000000000000e+02 4.508270977457040374e+01 5.144593949234661956e+00
1.887255305689442477e-05 1.941570705360606600e-05 8.204265221547477616e-01 1.710000000000000000e+02 4.500071205998820290e+01 5.143900508604800415e+00
1.889146182006817883e-05 1.942999463055192466e-05 8.167696264747081880e-01 1.720000000000000000e+02 4.484501600392736975e+01 5.142533387731718975e+00
1.894116690917518520e-05 1.947856388106117685e-05 8.113958333767332665e-01 1.730000000000000000e+02 4.466718091283428294e+01 5.141859520710329257e+00
1.891434326795029457e-05 1.944845403760935322e-05 8.085281316643754268e-01 1.740000000000000000e+02 4.444628237922247393e+01 5.141191994375001961e+00
1.883349559464241952e-05 1.936283253259490786e-05 8.088703528048923896e-01 1.750000000000000000e+02 4.427503282410916796e+01 5.140530719667109949e+00
1.871993526412071504e-05 1.924119776641515652e-05 8.124224967982853762e-01 1.760000000000000000e+02 4.420132852994734662e+01 5.139226577159567988e+00
1.853924817878252753e-05 1.905309510482690891e-05 8.191845636445531653e-01 1.770000000000000000e+02 4.413904349317362374e+01 5.138583539388738686e+00
1.828931987203006844e-05 1.879390908737962852e-05 8.283425376212401048e-01 1.780000000000000000e+02 4.403079825441300699e+01 5.137946413229185438e+00
1.804211927922609487e-05 1.853761042515049594e-05 8.350123243936067308e-01 1.790000000000000000e+02 4.378541542410533793e+01 5.137315117546894072e+00
1.780978648726309091e-05 1.829446094968275899e-05 8.383799082391959478e-01 1.800000000000000000e+02 4.339589145022267047e+01 5.136069700433044005e+00
1.760595823213061817e-05 1.808292273954354413e-05 8.384452891580083111e-01 1.810000000000000000e+02 4.290258253945741984e+01 5.135455423988929624e+00
1.744608341687846180e-05 1.791659266032678252e-05 8.352084671500430435e-01 1.820000000000000000e+02 4.234887448429165602e+01 5.134846667932677633e+00
1.732821292891020536e-05 1.779345242792177714e-05 8.292810443718273694e-01 1.830000000000000000e+02 4.176423720144067175e+01 5.134243358192860818e+00
1.718177105240909912e-05 1.763898756047294910e-05 8.243326337625174194e-01 1.840000000000000000e+02 4.116417920156109744e+01 5.133052787942877337e+00
1.696590130111372011e-05 1.741538023326796218e-05 8.209748374786391967e-01 1.850000000000000000e+02 4.048142780081724368e+01 5.132465385769023669e+00
1.670782698721904537e-05 1.714852314616324962e-05 8.192076555201933674e-01 1.860000000000000000e+02 3.977983806670617639e+01 5.131883146528068096e+00
1.637462623902808835e-05 1.680464358167025338e-05 8.190310878871791544e-01 1.870000000000000000e+02 3.897811401418811528e+01 5.131306002459232296e+00
1.599832022422029748e-05 1.641481004498296348e-05 8.202318810354184420e-01 1.880000000000000000e+02 3.813818932533704498e+01 5.130166734671346873e+00
1.562750223676761423e-05 1.603258110083468244e-05 8.215305136998396485e-01 1.890000000000000000e+02 3.731318384416385214e+01 5.129604481231178070e+00
1.525573090093396242e-05 1.564947235570991063e-05 8.227137323362636590e-01 1.900000000000000000e+02 3.647798204439266812e+01 5.129047063471682932e+00
1.487524759029328468e-05 1.525589472662912573e-05 8.237815369446908065e-01 1.910000000000000000e+02 3.561437247354123059e+01 5.127946487621567684e+00
1.449497372368417794e-05 1.486431495549897469e-05 8.247339275251208690e-01 1.920000000000000000e+02 3.474404129057619883e+01 5.127403208469191398e+00
1.409001385230625540e-05 1.444751842911331098e-05 8.255859088658840106e-01 1.930000000000000000e+02 3.380825311606363925e+01 5.126864522829599480e+00
1.368939678380672057e-05 1.403527410334819903e-05 8.264275096969593282e-01 1.940000000000000000e+02 3.288047752927896283e+01 5.126330372697874616e+00
1.332121758957872149e-05 1.365498189993758014e-05 8.272737348066758756e-01 1.950000000000000000e+02 3.202891283660999022e+01 5.125275451780010982e+00
1.307154896729554883e-05 1.339769606081181519e-05 8.281245841950346520e-01 1.960000000000000000e+02 3.146094554699118717e+01 5.124754569765324952e+00
1.290812598648465971e-05 1.322886193971452966e-05 8.289800578620347693e-01 1.970000000000000000e+02 3.109970848026893009e+01 5.124238000762346701e+00
1.306450768061304257e-05 1.338779072980882721e-05 8.298563304866233281e-01 1.980000000000000000e+02 3.150975302664719280e+01 5.123725691430194296e+00
1.318920293712898007e-05 1.351290196467505621e-05 8.308504501424789357e-01 1.990000000000000000e+02 3.184860755892444217e+01 5.122713642776254517e+00
1.351062894117433773e-05 1.384086600475309005e-05 8.319785915085474715e-01 2.000000000000000000e+02 3.266906891822878833e+01 5.122213801080842899e+00
1.363798176163966480e-05 1.396997937338738936e-05 8.332407545848297126e-01 2.010000000000000000e+02 3.302703967808676566e+01 5.121718014274499353e+00
1.377009629746454008e-05 1.410395567851079510e-05 8.346369393713246598e-01 2.020000000000000000e+02 3.340285732534604790e+01 5.121226233220943058e+00
1.376023542219403147e-05 1.409118145665266635e-05 8.361563613854622323e-01 2.030000000000000000e+02 3.343970224827018001e+01 5.120254495764239522e+00
1.376320923268329833e-05 1.409290538207703726e-05 8.377343137318148392e-01 2.040000000000000000e+02 3.351004847837814538e+01 5.119774444978578032e+00
1.377885912762269201e-05 1.410761777674570614e-05 8.393600119278109561e-01 2.050000000000000000e+02 3.361325532824086793e+01 5.119298211150133504e+00
1.377190364972640298e-05 1.409919500283087232e-05 8.410334559734513604e-01 2.060000000000000000e+02 3.366326897542041507e+01 5.118825748941022269e+00
1.375433272235430591e-05 1.407863777535645402e-05 8.427546458687349418e-01 2.070000000000000000e+02 3.368912416666594112e+01 5.117891961590790295e+00
1.377743232607074436e-05 1.410101061525199848e-05 8.443980786233646896e-01 2.080000000000000000e+02 3.381150966732667484e+01 5.117430549293628061e+00
1.383226405549947357e-05 1.415586360506106035e-05 8.452107362955519898e-01 2.090000000000000000e+02 3.397874352154241961e+01 5.116972734276616031e+00
1.389944630222181326e-05 1.422335475851763248e-05 8.450671158949982775e-01 2.100000000000000000e+02 3.413797387653365689e+01 5.116518474640260550e+00
1.396775756611445102e-05 1.429074926911638162e-05 8.439672174217042189e-01 2.110000000000000000e+02 3.426110022409120148e+01 5.115620457139628208e+00
1.406782979526079466e-05 1.439188680882178016e-05 8.419110408756691477e-01 2.120000000000000000e+02 3.442249531242039495e+01 5.115176618667277353e+00
1.418720045923324276e-05 1.451275748027741527e-05 8.391097623510231918e-01 2.130000000000000000e+02 3.459907740024772238e+01 5.114736174335329899e+00
1.428262773135761833e-05 1.460912598861207729e-05 8.368304384125446749e-01 2.140000000000000000e+02 3.473718524432629096e+01 5.114299085362853603e+00
1.436089641447901060e-05 1.468670155818733009e-05 8.352842451543620594e-01 2.150000000000000000e+02 3.486300987646521321e+01 5.113434821303994404e+00
1.444335449122063413e-05 1.476979617444996711e-05 8.344711825764765667e-01 2.160000000000000000e+02 3.502905758474935993e+01 5.113007571554017971e+00
1.449946589938485526e-05 1.482594610386161532e-05 8.343912506788870864e-01 2.170000000000000000e+02 3.516177460922656905e+01 5.112583527814845041e+00
1.452049031658053283e-05 1.484622166324293134e-05 8.349178674454741378e-01 2.180000000000000000e+02 3.523498378913551221e+01 5.112162654139321916e+00
1.453527760900597748e-05 1.485892090218092873e-05 8.352915407795153957e-01 2.190000000000000000e+02 3.528665190984912670e+01 5.111330275857416616e+00
1.455874729701269278e-05 1.488171476758127219e-05 8.353856886648893809e-01 2.200000000000000000e+02 3.534761190794809238e+01 5.110918701993972135e+00
1.461629509003991633e-05 1.493934491084998816e-05 8.352003111015973147e-01 2.210000000000000000e+02 3.547945901961669790e+01 5.110510159660845986e+00
1.466470463977188584e-05 1.498763497290070148e-05 8.347354080896380868e-01 2.220000000000000000e+02 3.557715333817657921e+01 5.110104615490516089e+00
1.471837634914898044e-05 1.504012709328711381e-05 8.342286980431230514e-01 2.230000000000000000e+02 3.568568756070300907e+01 5.109302390598517540e+00
1.474244194942340477e-05 1.506354898090787540e-05 8.351064914467158928e-01 2.240000000000000000e+02 3.578164686240469194e+01 5.108905645545726237e+00
1.476159166185425853e-05 1.508195294963325292e-05 8.376065067145261889e-01 2.250000000000000000e+02 3.593538228787541300e+01 5.108511769976285422e+00
1.473159520066905022e-05 1.505015337457195728e-05 8.417287438465546057e-01 2.260000000000000000e+02 3.603885413145293626e+01 5.108120732875024217e+00
1.466738676720460962e-05 1.498228691389455061e-05 8.474732028428006991e-01 2.270000000000000000e+02 3.612665553500603011e+01 5.107347052234975315e+00
1.455424351660598708e-05 1.486560055278897214e-05 8.543493939490193201e-01 2.280000000000000000e+02 3.613883865697093967e+01 5.106964348860775438e+00
1.446612945877931880e-05 1.477450210113729351e-05 8.594143786397357987e-01 2.290000000000000000e+02 3.613299842549685792e+01 5.106584364268504039e+00
1.441247516366748004e-05 1.471753663580870654e-05 8.621776671607039866e-01 2.300000000000000000e+02 3.611473067356192246e+01 5.105832436370907779e+00
1.441461730840909629e-05 1.471865167520945212e-05 8.626392595119247719e-01 2.310000000000000000e+02 3.613943641704348408e+01 5.105460436546931824e+00
1.444684021473948928e-05 1.475048691440451522e-05 8.607991556933971555e-01 2.320000000000000000e+02 3.614296199791602504e+01 5.105091042453431704e+00
1.446394281339059813e-05 1.476688785894262720e-05 8.570433229015691490e-01 2.330000000000000000e+02 3.602786370536031058e+01 5.104724226810260390e+00
1.446465008765613170e-05 1.476550967060859407e-05 8.536875643151237147e-01 2.340000000000000000e+02 3.588855120891614092e+01 5.103998223644970800e+00
1.448302978145930997e-05 1.478323107817718791e-05 8.511178471305070881e-01 2.350000000000000000e+02 3.582598670571319133e+01 5.103638983433627985e+00
1.450029378741329481e-05 1.479981828323242806e-05 8.493341713477203792e-01 2.360000000000000000e+02 3.579352234534788124e+01 5.103282216281414208e+00
1.448970003155577321e-05 1.478797890128703673e-05 8.483365369667624778e-01 2.370000000000000000e+02 3.572535936255152933e+01 5.102927896741020319e+00
1.448079499317880470e-05 1.477685919232722166e-05 8.480864764282891599e-01 2.380000000000000000e+02 3.569287923368444382e+01 5.102226500440023571e+00
1.444535007574028738e-05 1.473968672177241114e-05 8.483531843762281976e-01 2.390000000000000000e+02 3.561671038770517583e+01 5.101879374500738251e+00
1.438314633711331802e-05 1.467522373281349110e-05 8.490981932512335906e-01 2.400000000000000000e+02 3.549448303310805386e+01 5.101534597804416649e+00
1.431223277320087062e-05 1.460188988455034701e-05 8.503215030533064489e-01 2.410000000000000000e+02 3.537036911451561139e+01 5.101192146585209031e+00
1.422990972990131839e-05 1.451597112096300856e-05 8.520231137824456624e-01 2.420000000000000000e+02 3.523729488840930202e+01 5.100514127106720252e+00
1.416101988733443006e-05 1.444474587000318030e-05 8.540868592077806021e-01 2.430000000000000000e+02 3.515164163085092497e+01 5.100178512891756277e+00
1.412499016851694440e-05 1.440705247074768810e-05 8.558157419440833857e-01 2.440000000000000000e+02 3.513318028000658444e+01 5.099845132232172062e+00
1.411534567575680527e-05 1.439628047295612149e-05 8.570935957604821631e-01 2.450000000000000000e+02 3.516161445344415881e+01 5.099513962906987885e+00
1.406929233095661195e-05 1.434746523192656091e-05 8.579204206569777114e-01 2.460000000000000000e+02 3.508070382628029193e+01 5.098858170839866588e+00
1.402884534533932892e-05 1.430530760623122043e-05 8.582962166335690313e-01 2.470000000000000000e+02 3.499517463206645118e+01 5.098533505105513619e+00
1.399578311146991455e-05 1.427069098372354615e-05 8.582645899755926289e-01 2.480000000000000000e+02 3.491141390174073678e+01 5.098210964711340942e+00
1.398290108308023625e-05 1.425665979947785934e-05 8.580871783950628773e-01 2.490000000000000000e+02 3.487207077987307713e+01 5.097890528857734083e+00
1.398679773241162868e-05 1.425885742173885879e-05 8.578075881773146172e-01 2.500000000000000000e+02 3.487042314546069832e+01 5.097255888921874423e+00
1.399505823539647607e-05 1.426639902765018278e-05 8.574258193223486257e-01 2.510000000000000000e+02 3.487548905680431233e+01 5.096941644575450958e+00
1.401230798254820059e-05 1.428310823305329976e-05 8.569418718301642368e-01 2.520000000000000000e+02 3.489876653140160556e+01 5.096629424232742345e+00
1.401744218757392885e-05 1.428747197464413487e-05 8.564108421996003973e-01 2.530000000000000000e+02 3.488991968985309455e+01 5.096319208403648382e+00
1.401429147294449277e-05 1.428253822320274274e-05 8.561633094236869024e-01 2.540000000000000000e+02 3.487199530335688280e+01 5.095704713569043420e+00
1.399030321460024622e-05 1.425723931024614198e-05 8.562543700012612558e-01 2.550000000000000000e+02 3.481600751791157222e+01 5.095400396814603106e+00
1.396307070777964970e-05 1.422864275273728680e-05 8.566840239323246786e-01 2.560000000000000000e+02 3.476567328612051000e+01 5.095098009068188105e+00
1.392986049446127580e-05 1.419396377379024082e-05 8.574522712168759497e-01 2.570000000000000000e+02 3.471408810884112484e+01 5.094797532047780741e+00
1.391002487999568972e-05 1.417209597543129787e-05 8.584081884525032180e-01 2.580000000000000000e+02 3.470330185995957351e+01 5.094202238204655231e+00
1.390365378946981143e-05 1.416478494598799132e-05 8.586462352247307139e-01 2.590000000000000000e+02 3.469702623081222015e+01 5.093907385954889122e+00
1.391780547962118436e-05 1.417838680790995199e-05 8.580154881311452542e-01 2.600000000000000000e+02 3.470682844507680898e+01 5.093614373569998577e+00
1.397244720655967763e-05 1.423323785855277905e-05 8.565159471717475048e-01 2.610000000000000000e+02 3.478219375777617017e+01 5.093323183883874172e+00
1.405345637032448151e-05 1.431413731943340923e-05 8.541476123465367998e-01 2.620000000000000000e+02 3.488712009615488796e+01 5.092746205004551996e+00
1.413353509440615390e-05 1.439489350667323616e-05 8.512549546112828658e-01 2.630000000000000000e+02 3.496709018428676075e+01 5.092460382530384244e+00
1.418567678716543924e-05 1.444719347293654016e-05 8.499047997006006216e-01 2.640000000000000000e+02 3.504042634211106133e+01 5.092176316186658447e+00
1.420798891063130209e-05 1.446831730951026708e-05 8.504416185702586839e-01 2.650000000000000000e+02 3.511770725322640629e+01 5.091613387551341852e+00
1.420216418048556272e-05 1.446159367511768145e-05 8.528654112202574966e-01 2.660000000000000000e+02 3.520335618048819271e+01 5.091334493579712905e+00
1.415084464981744669e-05 1.440855216953670551e-05 8.571761776505968378e-01 2.670000000000000000e+02 3.525343950265088466e+01 5.091057292372502374e+00
1.407414752305940430e-05 1.432968272369972916e-05 8.629775998782777124e-01 2.680000000000000000e+02 3.529967128747318128e+01 5.090781768565964427e+00
1.401893728377592917e-05 1.427193898690642718e-05 8.678917700053047080e-01 2.690000000000000000e+02 3.536142046597691291e+01 5.090235692623897634e+00
1.398838563925985010e-05 1.424007897170427178e-05 8.715223700486779412e-01 2.700000000000000000e+02 3.543195983462434384e+01 5.089965110676537563e+00
1.400882699548780904e-05 1.426013455518602129e-05 8.738694000083983005e-01 2.710000000000000000e+02 3.557929540905206522e+01 5.089696146500759077e+00
1.403441386770803680e-05 1.428542998555781131e-05 8.749328598844647864e-01 2.720000000000000000e+02 3.568765784737058055e+01 5.089428785632202690e+00
1.405074526844096905e-05 1.430056419439129307e-05 8.748043823082551906e-01 2.730000000000000000e+02 3.572393986577073832e+01 5.088898816816300297e+00
1.408716043865745876e-05 1.433688685854813480e-05 8.740337630680320435e-01 2.740000000000000000e+02 3.578497428547117920e+01 5.088636180789630536e+00
1.413024492475562089e-05 1.437999726353317959e-05 8.727126347951719154e-01 2.750000000000000000e+02 3.584016435680695167e+01 5.088375091906581993e+00
1.416808243920891757e-05 1.441776807637607847e-05 8.708409974896752503e-01 2.760000000000000000e+02 3.585906662406684831e+01 5.088115536537315187e+00
1.424780968212492503e-05 1.449743407928686375e-05 8.684188511515416042e-01 2.770000000000000000e+02 3.596055509374693315e+01 5.087600972616553641e+00
1.432171301437171915e-05 1.457190170461081454e-05 8.657254405074894521e-01 2.780000000000000000e+02 3.603497177567706444e+01 5.087345937594208500e+00
1.437231336893429748e-05 1.462265717343966278e-05 8.644362339178266463e-01 2.790000000000000000e+02 3.610843616203059980e+01 5.087092383139405705e+00
1.439057682543686489e-05 1.464051321680728373e-05 8.648304761092705517e-01 2.800000000000000000e+02 3.617080940255879540e+01 5.086840296397511452e+00
1.436653918832297183e-05 1.461462195292175377e-05 8.669081670818220564e-01 2.810000000000000000e+02 3.619714317469846065e+01 5.086340475373645198e+00
1.429753580912675985e-05 1.454371854744075680e-05 8.706693068354802723e-01 2.820000000000000000e+02 3.617957551443798536e+01 5.086092716115754975e+00
1.423604005186924667e-05 1.448046253733401775e-05 8.757030509972018040e-01 2.830000000000000000e+02 3.623223323492407388e+01 5.085846374614785503e+00
1.422080060809290591e-05 1.446426480650178843e-05 8.795443333287199517e-01 2.840000000000000000e+02 3.635221023941036123e+01 5.085601438736976121e+00
1.422933766838511891e-05 1.447156577808426349e-05 8.817823094569899878e-01 2.850000000000000000e+02 3.646658599052121730e+01 5.085115736004119036e+00
1.420214801719105585e-05 1.444322932516137801e-05 8.824169793820131336e-01 2.860000000000000000e+02 3.642310200724322300e+01 5.084874945564044957e+00
1.416879099412844992e-05 1.440862757462846612e-05 8.814483431037878347e-01 2.870000000000000000e+02 3.629766591640949969e+01 5.084635513573248389e+00
1.417185030625466103e-05 1.441106385103724512e-05 8.791347638957464072e-01 2.880000000000000000e+02 3.621021050082435977e+01 5.084397428569015887e+00
1.417511153019101284e-05 1.441304149820129090e-05 8.770264213984764190e-01 2.890000000000000000e+02 3.613168381636059223e+01 5.083925254310527997e+00
1.419059576743091925e-05 1.442812120269408550e-05 8.753816788854081876e-01 2.900000000000000000e+02 3.610331837433913904e+01 5.083691142766646465e+00
1.418988729773481575e-05 1.442674016737834844e-05 8.742005363565426013e-01 2.910000000000000000e+02 3.605280454125674794e+01 5.083458333626562187e+00
1.416546281438470558e-05 1.440125208797595308e-05 8.734829938118788828e-01 2.920000000000000000e+02 3.596120714163649978e+01 5.083226816052846431e+00
1.416338158112872592e-05 1.439783543780695488e-05 8.732234778074751125e-01 2.930000000000000000e+02 3.594524093267644815e+01 5.082767612852645556e+00
1.415637870490683976e-05 1.439007193883582177e-05 8.733885476796764413e-01 2.940000000000000000e+02 3.593425988761733691e+01 5.082539906144210029e+00
1.413079169386968909e-05 1.436342253368801849e-05 8.739726299845400614e-01 2.950000000000000000e+02 3.589329810005494892e+01 5.082313448835018121e+00
1.410237594295292228e-05 1.433390376083541523e-05 8.749757247220665279e-01 2.960000000000000000e+02 3.586223329565117979e+01 5.082088230670871454e+00
1.407211860453717692e-05 1.430189229802686284e-05 8.763978318922551747e-01 2.970000000000000000e+02 3.584345132093358188e+01 5.081641471318897096e+00
1.401913726097005031e-05 1.424742464027699478e-05 8.780838295138623240e-01 2.980000000000000000e+02 3.577719653397309685e+01 5.081419910176109056e+00
1.397253411366597883e-05 1.419944680529669553e-05 8.791029856994240221e-01 2.990000000000000000e+02 3.569965120794234537e+01 5.081199548265471932e+00
1.394887534547876357e-05 1.417479237918728385e-05 8.793001784676955923e-01 3.000000000000000000e+02 3.564719762636114808e+01 5.080980375877309996e+00
1.394307755116910669e-05 1.416768815283288253e-05 8.786754078186778116e-01 3.010000000000000000e+02 3.560706307489320466e+01 5.080545561350959360e+00
1.394063152384891853e-05 1.416460143196413407e-05 8.772286737523695699e-01 3.020000000000000000e+02 3.554220000296218984e+01 5.080329900310491809e+00
1.396342222505614182e-05 1.418715923126649468e-05 8.752306639729376947e-01 3.030000000000000000e+02 3.551922118482435309e+01 5.080115390985197266e+00
1.396948077975188625e-05 1.419212577986547503e-05 8.743055047053757134e-01 3.040000000000000000e+02 3.549707078265693383e+01 5.079689790774579272e+00
1.395490435432877618e-05 1.417672783481709891e-05 8.747238836538488993e-01 3.050000000000000000e+02 3.547700002747394876e+01 5.079478681779539428e+00
1.392540444284743055e-05 1.414617415163151231e-05 8.764858008183582516e-01 3.060000000000000000e+02 3.547331224332086919e+01 5.079268688277659649e+00
1.385481935814239812e-05 1.407389121166232855e-05 8.795912561989027711e-01 3.070000000000000000e+02 3.541855268569982940e+01 5.079059801451393241e+00
1.377252165910775589e-05 1.398915051449247734e-05 8.836480341372702219e-01 3.080000000000000000e+02 3.537055048699737370e+01 5.078645313017701390e+00
1.371607955197296377e-05 1.393125656920146788e-05 8.863028406841849671e-01 3.090000000000000000e+02 3.533142678982185458e+01 5.078439694233748192e+00
1.369199296802523592e-05 1.390623198664905819e-05 8.871634601814334387e-01 3.100000000000000000e+02 3.530362918989839471e+01 5.078235147769990299e+00
1.368528756652294890e-05 1.389886472219940994e-05 8.862298926290164136e-01 3.110000000000000000e+02 3.524920785543584856e+01 5.078031665260333227e+00
1.367982643543502527e-05 1.389221356316642071e-05 8.835021380269330038e-01 3.120000000000000000e+02 3.512669027470730754e+01 5.077627859071824901e+00
1.368831860339220730e-05 1.390028911338787198e-05 8.794429352087757001e-01 3.130000000000000000e+02 3.498700836900419375e+01 5.077427519090305097e+00
1.366493784369680274e-05 1.387600158282729096e-05 8.768287171760953402e-01 3.140000000000000000e+02 3.482342353858744133e+01 5.077228210455360546e+00
1.362294396225815157e-05 1.383281883320639309e-05 8.761222227624825276e-01 3.150000000000000000e+02 3.468843492920156990e+01 5.077029925223833118e+00
1.357207884455855042e-05 1.378010187983012885e-05 8.773234519679383725e-01 3.160000000000000000e+02 3.460629870043275247e+01 5.076636393604131214e+00
1.349337458364822592e-05 1.369966434846055399e-05 8.804324047924617647e-01 3.170000000000000000e+02 3.452753981504805125e+01 5.076441131732279288e+00
1.341354387142560948e-05 1.361809199791465814e-05 8.849535788649240953e-01 3.180000000000000000e+02 3.449952084514769268e+01 5.076246862294455653e+00
1.332169057435286098e-05 1.352432302030859222e-05 8.879139599585467169e-01 3.190000000000000000e+02 3.437789378419364539e+01 5.076053577744044532e+00
1.325068078692292583e-05 1.345121641371717453e-05 8.888180457021994663e-01 3.200000000000000000e+02 3.422946369274196599e+01 5.075669933499627362e+00
1.321350107948768175e-05 1.341297092659105529e-05 8.876658360958828986e-01 3.210000000000000000e+02 3.408917172842338061e+01 5.075479559090143589e+00
1.319203324723680339e-05 1.339067925360743399e-05 8.844573311395965698e-01 3.220000000000000000e+02 3.391077088466498424e+01 5.075290140135235717e+00
1.318846718672114627e-05 1.338656236739042485e-05 8.798330232870062995e-01 3.230000000000000000e+02 3.372435257632231043e+01 5.075101669460394760e+00
1.318038558964296426e-05 1.337737316006897905e-05 8.776358672601035638e-01 3.240000000000000000e+02 3.361952078428188884e+01 5.074727544610229124e+00
1.311286913423230589e-05 1.330836070838937142e-05 8.785063555125530721e-01 3.250000000000000000e+02 3.348047987149750782e+01 5.074541876440571642e+00
1.298696194532979889e-05 1.318009658512583355e-05 8.824444880443556016e-01 3.260000000000000000e+02 3.330765073889925532e+01 5.074357128560574637e+00
1.281715655133647062e-05 1.300729469593389436e-05 8.894502648555103752e-01 3.270000000000000000e+02 3.313312485300970422e+01 5.074173294145181146e+00
1.260543656371669259e-05 1.279151383009819551e-05 8.987422306772810954e-01 3.280000000000000000e+02 3.292623546248738364e+01 5.073808338743739377e+00
1.243235484581644422e-05 1.261542675219931533e-05 9.056316538972462027e-01 3.290000000000000000e+02 3.272306916904731366e+01 5.073627204440868788e+00
1.230549905453171511e-05 1.248625934643567638e-05 9.093370792466684005e-01 3.300000000000000000e+02 3.252169488668464936e+01 5.073446956967337940e+00
1.221504870664865467e-05 1.239404214231860978e-05 9.098585067255480219e-01 3.310000000000000000e+02 3.230115875317086704e+01 5.073267589826525814e+00
1.217769232301933998e-05 1.235527101483962330e-05 9.071959363338846227e-01 3.320000000000000000e+02 3.210813886962444741e+01 5.072911470872280226e+00
1.219363696075346953e-05 1.237101708156004064e-05 9.019985092623590273e-01 3.330000000000000000e+02 3.196598709659624760e+01 5.072734706379026903e+00
1.216661548282681570e-05 1.234317447907879704e-05 8.981610726550542934e-01 3.340000000000000000e+02 3.175945566729845382e+01 5.072558796857348007e+00
1.209681568513288083e-05 1.227193822802075014e-05 8.963327677026499130e-01 3.350000000000000000e+02 3.151297292202140810e+01 5.072383736119538078e+00
1.198001163813151430e-05 1.215261038895879334e-05 8.965135944051471073e-01 3.360000000000000000e+02 3.121498702311840745e+01 5.072036136541766105e+00
1.187215925141404168e-05 1.204279443798891538e-05 8.987035527625446552e-01 3.370000000000000000e+02 3.100953196897316744e+01 5.071863585621357196e+00
1.175612374241511213e-05 1.192468741631896426e-05 9.024643629672683964e-01 3.380000000000000000e+02 3.083495005365994857e+01 5.071691859322511320e+00
1.166709732554919922e-05 1.183398570652183427e-05 9.051663461738698180e-01 3.390000000000000000e+02 3.069306497015192292e+01 5.071520951748286876e+00
1.160317602461281943e-05 1.176836248065662344e-05 9.063712225747729834e-01 3.400000000000000000e+02 3.056553685719329394e+01 5.071181569465726291e+00
1.157986597930393852e-05 1.174433037664623830e-05 9.060789921699787808e-01 3.410000000000000000e+02 3.049429754896551259e+01 5.071013083241306951e+00
1.160891358077464769e-05 1.177340118908338423e-05 9.042896549594865441e-01 3.420000000000000000e+02 3.051041958045385982e+01 5.070845392708041466e+00
1.167291684322507855e-05 1.183753386416180339e-05 9.012939510873040350e-01 3.430000000000000000e+02 3.057700099368792124e+01 5.070512376275631006e+00
1.170955797224445380e-05 1.187430451918895013e-05 8.988363214174743820e-01 3.440000000000000000e+02 3.058934333751852463e+01 5.070347039288331636e+00
1.173087531757176410e-05 1.189553569222380745e-05 8.972075060940040148e-01 3.450000000000000000e+02 3.058949846371661607e+01 5.070182475814655199e+00
1.173901500489944350e-05 1.190340507295946642e-05 8.964075051168938213e-01 3.460000000000000000e+02 3.058342930646185209e+01 5.070018680439291714e+00
1.171686368492034151e-05 1.188018123415835333e-05 8.964363184861430245e-01 3.470000000000000000e+02 3.052670009294096332e+01 5.069693372573840229e+00
1.168614599697198153e-05 1.184865786591816814e-05 8.970619107040916917e-01 3.480000000000000000e+02 3.046791700902290856e+01 5.069531849502947551e+00
1.169174615121045087e-05 1.185395994722068512e-05 8.968920687847745654e-01 3.490000000000000000e+02 3.047674633852829018e+01 5.069371073367617164e+00
1.172050197979813663e-05 1.188273960372027229e-05 8.956947572305304917e-01 3.500000000000000000e+02 3.051091865726927921e+01 5.069211038998915342e+00
1.175890179425165574e-05 1.192092341036480066e-05 8.934699760413600256e-01 3.510000000000000000e+02 3.053484823622034483e+01 5.068893175123015737e+00
1.181489892181686836e-05 1.197731913010712533e-05 8.902177252172627231e-01 3.520000000000000000e+02 3.056858156511549751e+01 5.068735335513679274e+00
1.187947082503874740e-05 1.204240541176194884e-05 8.863146736469604825e-01 3.530000000000000000e+02 3.060089115104210578e+01 5.068578217465620206e+00
1.190650373280453205e-05 1.206943665442739947e-05 8.840208346627820291e-01 3.540000000000000000e+02 3.059114921612017568e+01 5.068421816042420147e+00
1.189038539690369572e-05 1.205235894622812710e-05 8.837128771534483729e-01 3.550000000000000000e+02 3.053909438150147793e+01 5.068111143549060671e+00
1.184439194763041714e-05 1.200537349140521543e-05 8.853908011189601801e-01 3.560000000000000000e+02 3.047872638764254916e+01 5.067956862828658871e+00
1.176388140923992032e-05 1.192340735691818377e-05 8.890546065593163405e-01 3.570000000000000000e+02 3.039681733464760072e+01 5.067803279431635666e+00
1.167878528999009787e-05 1.183680016273501905e-05 8.943421656543230069e-01 3.580000000000000000e+02 3.035641074155038410e+01 5.067650388641168568e+00
1.161295326970251920e-05 1.176937200724924296e-05 8.990807114828102131e-01 3.590000000000000000e+02 3.034522754184197879e+01 5.067346666224349150e+00
1.157030627584949442e-05 1.172580153185817246e-05 9.029081162245821135e-01 3.600000000000000000e+02 3.036249466397493890e+01 5.067195825374666285e+00
1.152694158238557022e-05 1.168150786058604941e-05 9.058243798796397073e-01 3.610000000000000000e+02 3.034639712589196492e+01 5.067045658683944964e+00
1.148742072883716939e-05 1.164111359962438114e-05 9.078295024479818842e-01 3.620000000000000000e+02 3.030929669857410147e+01 5.066896161642878482e+00
1.146882307169464297e-05 1.162158586520273025e-05 9.089418493252070519e-01 3.630000000000000000e+02 3.029730450849040935e+01 5.066599158672658199e+00
1.145728374754567979e-05 1.160955481553070836e-05 9.092716128848993273e-01 3.640000000000000000e+02 3.027780174513670275e+01 5.066451643923739034e+00
1.149148893941966990e-05 1.164387707134114079e-05 9.088371585226556748e-01 3.650000000000000000e+02 3.035368465501277768e+01 5.066304781184068240e+00
1.152581080979605720e-05 1.167831703315277586e-05 9.076384862384765384e-01 3.660000000000000000e+02 3.040418936334878097e+01 5.066158566140569697e+00
1.155184602006883556e-05 1.170402556222453262e-05 9.056755960323612520e-01 3.670000000000000000e+02 3.040696654324681703e+01 5.065868062079132983e+00
1.156908415840799569e-05 1.172115691123454996e-05 9.031141636444759424e-01 3.680000000000000000e+02 3.036621573218976877e+01 5.065723764623163206e+00
1.155881080416446330e-05 1.171041639319331685e-05 9.009482435158139291e-01 3.690000000000000000e+02 3.026648851224165426e+01 5.065580097986478236e+00
1.158131953251566232e-05 1.173288902820533724e-05 8.993435113865400066e-01 3.700000000000000000e+02 3.027141270649288884e+01 5.065437058041671214e+00
1.159954485791005988e-05 1.175069352035166542e-05 8.982999672566548410e-01 3.710000000000000000e+02 3.028386991055430499e+01 5.065152841897297975e+00
1.160375976526608886e-05 1.175463569666126504e-05 8.978176111261577663e-01 3.720000000000000000e+02 3.027860680652900527e+01 5.065011657621005803e+00
1.159832693532868983e-05 1.174880614323203113e-05 8.979302646536155841e-01 3.730000000000000000e+02 3.026822791908306698e+01 5.064871083882356295e+00
1.157116024389422046e-05 1.172096306878341268e-05 8.988408577904258845e-01 3.740000000000000000e+02 3.022795401316453123e+01 5.064731116729732641e+00
1.151051515203949552e-05 1.165889256768552930e-05 9.005832121951543590e-01 3.750000000000000000e+02 3.012781578514932335e+01 5.064452986545846969e+00
1.144258651857259591e-05 1.158977208737038511e-05 9.031573278678016736e-01 3.760000000000000000e+02 3.003562366643517123e+01 5.064314815780021739e+00
1.137234173488255955e-05 1.151831082705753715e-05 9.065632048083669403e-01 3.770000000000000000e+02 2.996380962172792195e+01 5.064177236130376514e+00
1.132214179727526907e-05 1.146684745368913090e-05 9.104850167851026299e-01 3.780000000000000000e+02 2.996059488508178958e+01 5.063903835071507764e+00
1.128758453604767520e-05 1.143154188815723309e-05 9.130278064075176836e-01 3.790000000000000000e+02 2.995256777043630336e+01 5.063768006188490212e+00
1.127428229668031732e-05 1.141776502187513606e-05 9.138757474438627959e-01 3.800000000000000000e+02 2.994505370907974040e+01 5.063632753473393144e+00
1.126433347563134138e-05 1.140738617010165312e-05 9.130288398941391881e-01 3.810000000000000000e+02 2.989090293406903243e+01 5.063498073268065447e+00
1.127109201909235404e-05 1.141362718631397946e-05 9.104870837583456389e-01 3.820000000000000000e+02 2.982557492742498084e+01 5.063230415908317461e+00
1.130679585021025378e-05 1.144948180574423553e-05 9.066106400296599643e-01 3.830000000000000000e+02 2.979266833133754488e+01 5.063097431590811048e+00
1.132770296873001678e-05 1.147035274457662107e-05 9.035604746671431764e-01 3.840000000000000000e+02 2.974733859617628795e+01 5.062965005456263157e+00
1.134286474754497632e-05 1.148540629566530525e-05 9.016967486639717588e-01 3.850000000000000000e+02 2.972571411056437540e+01 5.062833133997820312e+00
1.135083827692599268e-05 1.149288503088577604e-05 9.010194620201462667e-01 3.860000000000000000e+02 2.972426655373027060e+01 5.062571041228090429e+00
1.134728090498955127e-05 1.148898759410887605e-05 9.015286147356662561e-01 3.870000000000000000e+02 2.973174239568011856e+01 5.062440813048443289e+00
1.132415829491453348e-05 1.146528250535040790e-05 9.030552054034257647e-01 3.880000000000000000e+02 2.972140058666419904e+01 5.062311125807580581e+00
1.132879150865579151e-05 1.146968083731801969e-05 9.045852255807876885e-01 3.890000000000000000e+02 2.978393763322014465e+01 5.062181976142195339e+00
1.133811248755631176e-05 1.147853563708527152e-05 9.059496738606450661e-01 3.900000000000000000e+02 2.985340506515686343e+01 5.061925276223479209e+00
1.135224780208803541e-05 1.149255640689259181e-05 9.071485502429988967e-01 3.910000000000000000e+02 2.993017889824362143e+01 5.061797719381508465e+00
1.134517885283994685e-05 1.148511184749590459e-05 9.081818547278479592e-01 3.920000000000000000e+02 2.994561292720238299e+01 5.061670686937178587e+00
1.132877049957101168e-05 1.146821446790634624e-05 9.090548121557516792e-01 3.930000000000000000e+02 2.993104558213928357e+01 5.061544175663465595e+00
1.129877367537029108e-05 1.143728015312453254e-05 9.097987715700596167e-01 3.940000000000000000e+02 2.987622316822447743e+01 5.061292703851641761e+00
1.127172680514875057e-05 1.140962000927801913e-05 9.104189578113295322e-01 3.950000000000000000e+02 2.982502291550452611e+01 5.061167736990520361e+00
1.123680643226823688e-05 1.137399273351223097e-05 9.109153708795620918e-01 3.960000000000000000e+02 2.974883545004940899e+01 5.061043278653462707e+00
1.120102333050332278e-05 1.133749508828826760e-05 9.112880107747562963e-01 3.970000000000000000e+02 2.966623261498848763e+01 5.060919325742896824e+00
1.115719753192503634e-05 1.129258549136419037e-05 9.114866768993227231e-01 3.980000000000000000e+02 2.955660083401268423e+01 5.060672923936211376e+00
1.113056877835995494e-05 1.126536101024524693e-05 9.112101656677172867e-01 3.990000000000000000e+02 2.947711346274101629e+01 5.060550468969453597e+00
1.111643426829556896e-05 1.125078417413392640e-05 9.104082764823488993e-01 4.000000000000000000e+02 2.941377330154479708e+01 5.060428507287416444e+00
1.112027374278709849e-05 1.125439989238649712e-05 9.090810093432183381e-01 4.010000000000000000e+02 2.938103584450609773e+01 5.060307035915548646e+00
1.112222413179089708e-05 1.125583663889856644e-05 9.072283642503248258e-01 4.020000000000000000e+02 2.932630194657999922e+01 5.060065552323190552e+00
1.114904109416873711e-05 1.128270813917076901e-05 9.050986302626593538e-01 4.030000000000000000e+02 2.932800105307967797e+01 5.059945534271975909e+00
1.115296779425633467e-05 1.128641527306300896e-05 9.041815417341638739e-01 4.040000000000000000e+02 2.930860341851068895e+01 5.059825994869005861e+00
1.112568036793742204e-05 1.125853641451991394e-05 9.047253877238281561e-01 4.050000000000000000e+02 2.925448084908030921e+01 5.059706931256700457e+00
1.107671423650151269e-05 1.120846116319872850e-05 9.067301682316526446e-01 4.060000000000000000e+02 2.919026627017134601e+01 5.059470220087048276e+00
1.102327330980749222e-05 1.115412522318281108e-05 9.101958832576371172e-01 4.070000000000000000e+02 2.916046745464984724e+01 5.059352566927147521e+00
1.096269400064024629e-05 1.109256986601807236e-05 9.146664046152016558e-01 4.080000000000000000e+02 2.914265125002305012e+01 5.059235378352365586e+00
1.092063617774996249e-05 1.104975883487433878e-05 9.174049631848648634e-01 4.090000000000000000e+02 2.911776679634055043e+01 5.059118651616401507e+00
1.089130391876037834e-05 1.101957423094431831e-05 9.179554307800457114e-01 4.100000000000000000e+02 2.905698250797615856e+01 5.058886572783535485e+00
1.088714146298976919e-05 1.101511156997697345e-05 9.163178074007450880e-01 4.110000000000000000e+02 2.899405990724584825e+01 5.058771215301202773e+00
1.091469701692076976e-05 1.104274018484598880e-05 9.124920930469624381e-01 4.120000000000000000e+02 2.894608504623280609e+01 5.058656308886411601e+00
1.096495248210835272e-05 1.109333420477229768e-05 9.070491899668264857e-01 4.130000000000000000e+02 2.890590913194886724e+01 5.058541850898774506e+00
1.099604608086716747e-05 1.112429136032717701e-05 9.034145116491092420e-01 4.140000000000000000e+02 2.887171971059079567e+01 5.058314269746084335e+00
1.099105523954579208e-05 1.111899363157725301e-05 9.021589603419382097e-01 4.150000000000000000e+02 2.881850827930768233e+01 5.058201141402301815e+00
1.093815996287302836e-05 1.106523611695938053e-05 9.032825360453144992e-01 4.160000000000000000e+02 2.871553574983473212e+01 5.058088451127830787e+00
1.087262680938567278e-05 1.099845435960760972e-05 9.067852387592371111e-01 4.170000000000000000e+02 2.865417854997740577e+01 5.057864374648322503e+00
1.080880284540110886e-05 1.093365096771131173e-05 9.121228576146596101e-01 4.180000000000000000e+02 2.865365145719453466e+01 5.057752983422822979e+00
1.076472801044851263e-05 1.088882814438821581e-05 9.160301273972987213e-01 4.190000000000000000e+02 2.865905446905156140e+01 5.057642020225337376e+00
1.075396114215637472e-05 1.087769940780877429e-05 9.179628372381064549e-01 4.200000000000000000e+02 2.869079628423639861e+01 5.057531482593579319e+00
1.075752812916912092e-05 1.088083451879168880e-05 9.179209871370840323e-01 4.210000000000000000e+02 2.869900429676885523e+01 5.057311674272188640e+00
1.079790094143878796e-05 1.092143410850510333e-05 9.159045770942300102e-01 4.220000000000000000e+02 2.874343104019440531e+01 5.057202398751519112e+00
1.086592858329613589e-05 1.099000344705599494e-05 9.123717745621265918e-01 4.230000000000000000e+02 2.881295009093446780e+01 5.057093539134149829e+00
1.090698861775990844e-05 1.103129577001616166e-05 9.100715842562585589e-01 4.240000000000000000e+02 2.884891297258756993e+01 5.056985093050267999e+00
1.093651098346671087e-05 1.106068288698959008e-05 9.094621736292063385e-01 4.250000000000000000e+02 2.890762906790064690e+01 5.056769432093378924e+00
1.094292687768026048e-05 1.106693696745628630e-05 9.105435426809704857e-01 4.260000000000000000e+02 2.895897962620214372e+01 5.056662212569912995e+00
1.092218561584283021e-05 1.104572732517391099e-05 9.133156914115505565e-01 4.270000000000000000e+02 2.899208914465349807e+01 5.056555397278674313e+00
1.087969153892429146e-05 1.100252104551055261e-05 9.173447824084919322e-01 4.280000000000000000e+02 2.900669289370197745e+01 5.056448983938016006e+00
1.082947528812325808e-05 1.095127949535170197e-05 9.200277911970645706e-01 4.290000000000000000e+02 2.895725564075161174e+01 5.056237354067387280e+00
1.080240883154539230e-05 1.092368128152376651e-05 9.209308803648128539e-01 4.300000000000000000e+02 2.891323492109019710e+01 5.056132133059170641e+00
1.080224981085832702e-05 1.092329399992279414e-05 9.200540499117376703e-01 4.310000000000000000e+02 2.888528102601700098e+01 5.056027305044729303e+00
1.085168391196624731e-05 1.097305536898706773e-05 9.173972998378381316e-01 4.320000000000000000e+02 2.893367720601071014e+01 5.055922867826523337e+00
1.093210217834782050e-05 1.105391893634275975e-05 9.133759678658517345e-01 4.330000000000000000e+02 2.902032702527147734e+01 5.055715157070252097e+00
1.100735258244164298e-05 1.112978049490715822e-05 9.104820803322004608e-01 4.340000000000000000e+02 2.912750730134639099e+01 5.055611879218262494e+00
1.106156315020645290e-05 1.118436637556026964e-05 9.091309749596209189e-01 4.350000000000000000e+02 2.922752207748174058e+01 5.055508983534358514e+00
1.107149616355723371e-05 1.119418266291823825e-05 9.093226517481134419e-01 4.360000000000000000e+02 2.925993540118808767e+01 5.055406467901257805e+00
1.104432391275482134e-05 1.116625892199170924e-05 9.110571106976776967e-01 4.370000000000000000e+02 2.924379809307313138e+01 5.055202568396272689e+00
1.101787040813020105e-05 1.113928994105461081e-05 9.139566486376304866e-01 4.380000000000000000e+02 2.926660160614352790e+01 5.055101180367311819e+00
1.100353231063126430e-05 1.112457152712851768e-05 9.157550465438707432e-01 4.390000000000000000e+02 2.928602865880147732e+01 5.055000164074725966e+00
1.098985632301530893e-05 1.111052388487223599e-05 9.160746012457141596e-01 4.400000000000000000e+02 2.925983658093107564e+01 5.054899517477867477e+00
1.100210865734902378e-05 1.112247024139884554e-05 9.149153127431617349e-01 4.410000000000000000e+02 2.925538820954064434e+01 5.054699325283169564e+00
1.103470117649395025e-05 1.115519961827611118e-05 9.122771810362126921e-01 4.420000000000000000e+02 2.925744707262570543e+01 5.054599775678042306e+00
1.106958841278626063e-05 1.119024822772415870e-05 9.085767648550284736e-01 4.430000000000000000e+02 2.923089675687084821e+01 5.054500587753798513e+00
1.108698619330891980e-05 1.120761650469789650e-05 9.063134165805770692e-01 4.440000000000000000e+02 2.920390689109002835e+01 5.054401759542993311e+00
1.110580838873587086e-05 1.122620684498870178e-05 9.059036949430185892e-01 4.450000000000000000e+02 2.924026111733962452e+01 5.054205174463005434e+00
1.110645241656608870e-05 1.122664069976042102e-05 9.073475999423539218e-01 4.460000000000000000e+02 2.928856503927748633e+01 5.054107413729637344e+00
1.110712737756376017e-05 1.122710657856129356e-05 9.106451315785826228e-01 4.470000000000000000e+02 2.939679351616262792e+01 5.054010004981075888e+00
1.108680328784367790e-05 1.120634773394687781e-05 9.153714462693207654e-01 4.480000000000000000e+02 2.949529487863769717e+01 5.053912946319827348e+00
1.109848697185563455e-05 1.121772883117666085e-05 9.189774825202632336e-01 4.490000000000000000e+02 2.964269503580919718e+01 5.053719871737204272e+00
1.110832925976686589e-05 1.122746354080189282e-05 9.210383967490254342e-01 4.500000000000000000e+02 2.973551873264239731e+01 5.053623852088413138e+00
1.113229421913735784e-05 1.125147249792003305e-05 9.215541889556080335e-01 4.510000000000000000e+02 2.981635790014750853e+01 5.053528175071854811e+00
1.116697074101783898e-05 1.128630733064274126e-05 9.205248591400101432e-01 4.520000000000000000e+02 2.987582720112164836e+01 5.053432838856898535e+00
1.121563366335045952e-05 1.133506486727197025e-05 9.182713888163444027e-01 4.530000000000000000e+02 2.993256317176800607e+01 5.053243181574205600e+00
1.122710705811846309e-05 1.134644863942710985e-05 9.167196670692809857e-01 4.540000000000000000e+02 2.991255099348264324e+01 5.053148856909825959e+00
1.122863074811908235e-05 1.134777744773112670e-05 9.161906754129310881e-01 4.550000000000000000e+02 2.989934725022586548e+01 5.053054865853525257e+00
1.121568075943553271e-05 1.133427060675366995e-05 9.166844138472957093e-01 4.560000000000000000e+02 2.988095859177234104e+01 5.052867877510855088e+00
1.120507337548640207e-05 1.132334264871108605e-05 9.182008823723736279e-01 4.570000000000000000e+02 2.990208350254029313e+01 5.052774876728349795e+00
1.115910025627346003e-05 1.127667745229433369e-05 9.205224609360341814e-01 4.580000000000000000e+02 2.985469292867953683e+01 5.052682202561435965e+00
1.111405032431241946e-05 1.123094757952080607e-05 9.223434292254879541e-01 4.590000000000000000e+02 2.979298764199084815e+01 5.052589853292579924e+00
1.107827065492985408e-05 1.119438449704369071e-05 9.234461671886025069e-01 4.600000000000000000e+02 2.973257983377623503e+01 5.052406122638901209e+00
1.105513682245255805e-05 1.117080613946850428e-05 9.238306748253785061e-01 4.610000000000000000e+02 2.968284605647546925e+01 5.052314737878695006e+00
1.100736738777724698e-05 1.112233641496898151e-05 9.234969521358153965e-01 4.620000000000000000e+02 2.954390973489485006e+01 5.052223671265573479e+00
1.095165049548684933e-05 1.106583880181599981e-05 9.225711288176068336e-01 4.630000000000000000e+02 2.936489649750189912e+01 5.052132921141067712e+00
1.091589040323643906e-05 1.102931166508193675e-05 9.218099830569113085e-01 4.640000000000000000e+02 2.924486447661711708e+01 5.051952363781460065e+00
1.087316705616944414e-05 1.098594909733829717e-05 9.213396445514210331e-01 4.650000000000000000e+02 2.911554064294239197e+01 5.051862553286560420e+00
1.082648974892753845e-05 1.093859383392394666e-05 9.211601133011368958e-01 4.660000000000000000e+02 2.898490176989316680e+01 5.051773052760482052e+00
1.078287698657660654e-05 1.089433712878765258e-05 9.212713893060582304e-01 4.670000000000000000e+02 2.887162804966029839e+01 5.051683860601302811e+00
1.073169695893464100e-05 1.084224716351853940e-05 9.215675605520340374e-01 4.680000000000000000e+02 2.874382889657854889e+01 5.051506395030965102e+00
1.067140946028045856e-05 1.078115021945603592e-05 9.214131549541558774e-01 4.690000000000000000e+02 2.857756569039193906e+01 5.051418118470685670e+00
1.060202845918583849e-05 1.071086918864146721e-05 9.207022604982717517e-01 4.700000000000000000e+02 2.836986142400452593e+01 5.051330143978875142e+00
1.053586733943301383e-05 1.064384411266237001e-05 9.194348771843824375e-01 4.710000000000000000e+02 2.815401300725770639e+01 5.051242470007774266e+00
1.048526721983619262e-05 1.059235958178882170e-05 9.176110050124869355e-01 4.720000000000000000e+02 2.796321847691626417e+01 5.051068017489352968e+00
1.041535260249575913e-05 1.052155011209543146e-05 9.154610796738771317e-01 4.730000000000000000e+02 2.771168296059112279e+01 5.050981235898929000e+00
1.031438523520365276e-05 1.041937484420015340e-05 9.143677153162982352e-01 4.740000000000000000e+02 2.741026730539692835e+01 5.050894748742836171e+00
1.020776526174534749e-05 1.031149362132171997e-05 9.145613476310407997e-01 4.750000000000000000e+02 2.713267148209948232e+01 5.050808554525202609e+00
1.008608984718394252e-05 1.018823579211798613e-05 9.160419766181053802e-01 4.760000000000000000e+02 2.685265592491966657e+01 5.050637038972324078e+00
9.950547674126723535e-06 1.005115112354416049e-05 9.188096022774914218e-01 4.770000000000000000e+02 2.657183514704600213e+01 5.050551714695575178e+00
9.800741958320621433e-06 9.899664135004132123e-06 9.225909737068804795e-01 4.780000000000000000e+02 2.627950590400917719e+01 5.050466677474109822e+00
9.663688717450627408e-06 9.761063767153424755e-06 9.257465854923593307e-01 4.790000000000000000e+02 2.600064312792596866e+01 5.050381925861787913e+00
9.557068767829033750e-06 9.653047109845132469e-06 9.280031867316081984e-01 4.800000000000000000e+02 2.577645670243016696e+01 5.050213273728436647e+00
9.472813601491135815e-06 9.567786837773452580e-06 9.293607774246284148e-01 4.810000000000000000e+02 2.558658768004002582e+01 5.050129370363292125e+00
9.398029441933644632e-06 9.492095722531136749e-06 9.298193575714185366e-01 4.820000000000000000e+02 2.539711724811744631e+01 5.050045746918908840e+00
9.328523917650431482e-06 9.421739010052571724e-06 9.294523734843694873e-01 4.830000000000000000e+02 2.519933670638527801e+01 5.049962401996830330e+00
9.258603245079553739e-06 9.350812530469392451e-06 9.287005030378199244e-01 4.840000000000000000e+02 2.499022659164753080e+01 5.049796542172191316e+00
9.182800633700893988e-06 9.274103428872116991e-06 9.276371925441586619e-01 4.850000000000000000e+02 2.475724689275353541e+01 5.049714024518915600e+00
9.106805906323192862e-06 9.197203303565270428e-06 9.262624420033868100e-01 4.860000000000000000e+02 2.451597526774115465e+01 5.049631779886354366e+00
9.055576480662128598e-06 9.145316893898594915e-06 9.245762514155033696e-01 4.870000000000000000e+02 2.433368468461396716e+01 5.049549806921792339e+00
9.012590214715772679e-06 9.101610579607793329e-06 9.226114991736901194e-01 4.880000000000000000e+02 2.416670983052460642e+01 5.049386670630307883e+00
8.973220310142349072e-06 9.061706141273900950e-06 9.205654556370335140e-01 4.890000000000000000e+02 2.400778227751281690e+01 5.049305504642260800e+00
8.947049092640898000e-06 9.035132084140737942e-06 9.184709991987134448e-01 4.900000000000000000e+02 2.388329855693533332e+01 5.049224604999813515e+00
8.941066192435580772e-06 9.028802370633866707e-06 9.163281298587311330e-01 4.910000000000000000e+02 2.381164330897399140e+01 5.049063599524917123e+00
8.940533872412045362e-06 9.028121584686472301e-06 9.141368476170854684e-01 4.920000000000000000e+02 2.375328651849489958e+01 5.048983491100401011e+00
8.944979072860955005e-06 9.032467487003061844e-06 9.121669551769583384e-01 4.930000000000000000e+02 2.371388466573345610e+01 5.048903643837215682e+00
8.951067146441475886e-06 9.038472627989117499e-06 9.120372687574350712e-01 4.940000000000000000e+02 2.372665086355906539e+01 5.048824056460345489e+00
8.945293582124495574e-06 9.032359298730851014e-06 9.140175910616963328e-01 4.950000000000000000e+02 2.376283169745599366e+01 5.048665656306876137e+00
8.918517699181676889e-06 9.005182219501041763e-06 9.181079220897424564e-01 4.960000000000000000e+02 2.379772560517365676e+01 5.048586841021415417e+00
8.875288671279653489e-06 8.961393669941979502e-06 9.243082618415732199e-01 4.970000000000000000e+02 2.384231172273820576e+01 5.048508280604416143e+00
8.804702964286667197e-06 8.889985271100206589e-06 9.320840283465892107e-01 4.980000000000000000e+02 2.385167124684151929e+01 5.048429973821637162e+00
8.751864767011943800e-06 8.836362474465397001e-06 9.382277297811928429e-01 4.990000000000000000e+02 2.386480567047826895e+01 5.048274116261454836e+00
8.705584781556651296e-06 8.789500634727790879e-06 9.422047841747843711e-01 5.000000000000000000e+02 2.383923384688910829e+01 5.048196563055086017e+00
8.691916474175985489e-06 8.775566189529323969e-06 9.440151915273641281e-01 5.010000000000000000e+02 2.384753895212971386e+01 5.048119258624875982e+00
8.694160296762558021e-06 8.777697617412067105e-06 9.436589518389320030e-01 5.020000000000000000e+02 2.384469362128362135e+01 5.048042201775722937e+00
8.722369998238629858e-06 8.805910810205950850e-06 9.411360651094877738e-01 5.030000000000000000e+02 2.385810583878945579e+01 5.047888826078342106e+00
8.775485829653282879e-06 8.859401421460510857e-06 9.364465313390319956e-01 5.040000000000000000e+02 2.388378724931718722e+01 5.047812504877888351e+00
8.853603522840808201e-06 8.938131401701922550e-06 9.295903505275640022e-01 5.050000000000000000e+02 2.391997470293116379e+01 5.047736426553913525e+00
